usgs/synleg-e4s2-01
[I,J,K]=>[64,64,224]   [Lr,R]=>[2,4]
MaxDelta: 1e-08 LRate: 0.001 RegNorm: 1.0 RegWeight: 0.0 AscWeight: 0.0Reorder: [3 1 2 0] 4.185e-03 | 4.185e-03 | 4.185e-03 | 9.965e-09 |  347.9 |   22
Trial: 1 sad:  0.4708  0.0747  0.1114  0.2566 aavg: 0.2284  rmse:  0.1946  0.0977  0.1224  0.0679 ravg: 0.1206
Reorder: [0 3 1 2] 4.346e-03 | 4.346e-03 | 4.346e-03 | 9.965e-09 |  368.0 |   16
Trial: 2 sad:  0.4936  0.0741  0.0937  0.2467 aavg: 0.2270  rmse:  0.1983  0.1334  0.1160  0.0711 ravg: 0.1297
Reorder: [2 0 1 3] 4.085e-03 | 4.085e-03 | 4.085e-03 | 9.919e-09 |  375.3 |   19
Trial: 3 sad:  0.4951  0.0355  0.1077  0.2059 aavg: 0.2111  rmse:  0.1942  0.1455  0.1430  0.0787 ravg: 0.1404
Reorder: [2 3 0 1] 4.239e-03 | 4.239e-03 | 4.239e-03 | 9.965e-09 |  367.9 |   17
Trial: 4 sad:  0.5001  0.0486  0.0687  0.2764 aavg: 0.2235  rmse:  0.2083  0.1312  0.1002  0.0741 ravg: 0.1285
Reorder: [1 3 0 2] 3.861e-03 | 3.861e-03 | 3.861e-03 | 9.988e-09 |  370.4 |   21
Trial: 5 sad:  0.3966  0.0257  0.1207  0.1887 aavg: 0.1829  rmse:  0.1912  0.1308  0.0939  0.0721 ravg: 0.1220
usgs/synleg-e4s2-01
[I,J,K]=>[64,64,224]   [Lr,R]=>[4,4]
MaxDelta: 1e-08 LRate: 0.001 RegNorm: 1.0 RegWeight: 0.0 AscWeight: 0.0
Reorder: [2 3 1 0] 1.874e-03 | 1.874e-03 | 1.874e-03 | 9.674e-09 |  373.4 |   24
Trial: 1 sad:  0.4411  0.0260  0.0780  0.0836 aavg: 0.1572  rmse:  0.2032  0.1174  0.0689  0.0745 ravg: 0.1160
Reorder: [0 1 2 3] 1.907e-03 | 1.907e-03 | 1.907e-03 | 9.965e-09 |  369.9 |   24
Trial: 2 sad:  0.4608  0.0411  0.1455  0.0938 aavg: 0.1853  rmse:  0.2350  0.0943  0.0996  0.0620 ravg: 0.1227
Reorder: [1 3 2 0] 1.803e-03 | 1.803e-03 | 1.804e-03 | 9.884e-09 |  373.9 |   22
Trial: 3 sad:  0.4518  0.0184  0.0490  0.0829 aavg: 0.1505  rmse:  0.1887  0.1080  0.1018  0.0695 ravg: 0.1170
Reorder: [0 1 3 2] 1.767e-03 | 1.767e-03 | 1.767e-03 | 9.895e-09 |  374.1 |   29
Trial: 4 sad:  0.4945  0.0283  0.0531  0.0831 aavg: 0.1648  rmse:  0.1945  0.1223  0.1146  0.0733 ravg: 0.1262
Reorder: [0 1 2 3] 1.844e-03 | 1.844e-03 | 1.844e-03 | 9.930e-09 |  378.8 |   24
Trial: 5 sad:  0.3904  0.0238  0.0442  0.0884 aavg: 0.1367  rmse:  0.1839  0.0979  0.0844  0.0622 ravg: 0.1071
usgs/synleg-e4s2-01
[I,J,K]=>[64,64,224]   [Lr,R]=>[8,4]
MaxDelta: 1e-08 LRate: 0.001 RegNorm: 1.0 RegWeight: 0.0 AscWeight: 0.0
Reorder: [1 0 2 3] 7.624e-04 | 7.624e-04 | 7.624e-04 | 9.977e-09 |  371.0 |   28
Trial: 1 sad:  0.4202  0.0136  0.0249  0.0727 aavg: 0.1328  rmse:  0.1822  0.0811  0.0700  0.0694 ravg: 0.1007
Reorder: [0 1 2 3] 7.663e-04 | 7.663e-04 | 7.664e-04 | 9.878e-09 |  378.0 |   26
Trial: 2 sad:  0.4110  0.0271  0.0234  0.0669 aavg: 0.1321  rmse:  0.1365  0.0892  0.0699  0.0701 ravg: 0.0914
Reorder: [2 1 3 0] 7.657e-04 | 7.657e-04 | 7.658e-04 | 9.820e-09 |  376.3 |   27
Trial: 3 sad:  0.4213  0.0116  0.0264  0.0673 aavg: 0.1316  rmse:  0.1645  0.0934  0.0707  0.0730 ravg: 0.1004
Reorder: [3 1 0 2] 7.768e-04 | 7.768e-04 | 7.768e-04 | 9.756e-09 |  375.8 |   24
Trial: 4 sad:  0.4337  0.0210  0.0251  0.0615 aavg: 0.1353  rmse:  0.1775  0.0888  0.0776  0.0738 ravg: 0.1044
Reorder: [3 1 2 0] 7.849e-04 | 7.849e-04 | 7.850e-04 | 9.889e-09 |  376.2 |   27
Trial: 5 sad:  0.3784  0.0131  0.0331  0.0555 aavg: 0.1200  rmse:  0.1710  0.0991  0.0854  0.0548 ravg: 0.1026
usgs/synleg-e4s2-01
[I,J,K]=>[64,64,224]   [Lr,R]=>[16,4]
MaxDelta: 1e-08 LRate: 0.001 RegNorm: 1.0 RegWeight: 0.0 AscWeight: 0.0
Reorder: [1 2 3 0] 2.523e-04 | 2.523e-04 | 2.524e-04 | 9.965e-09 |  374.6 |   26
Trial: 1 sad:  0.2339  0.0097  0.0277  0.0528 aavg: 0.0810  rmse:  0.0960  0.0751  0.0686  0.0317 ravg: 0.0679
Reorder: [3 2 0 1] 2.484e-04 | 2.484e-04 | 2.485e-04 | 9.939e-09 |  365.4 |   25
Trial: 2 sad:  0.0501  0.0115  0.0215  0.0493 aavg: 0.0331  rmse:  0.1013  0.0830  0.0573  0.0233 ravg: 0.0662
Reorder: [2 3 0 1] 2.518e-04 | 2.518e-04 | 2.519e-04 | 9.852e-09 |  376.0 |   24
Trial: 3 sad:  0.1410  0.0184  0.0211  0.0510 aavg: 0.0579  rmse:  0.0611  0.0534  0.0577  0.0296 ravg: 0.0504
Reorder: [3 2 0 1] 2.444e-04 | 2.444e-04 | 2.444e-04 | 9.986e-09 |  375.7 |   27
Trial: 4 sad:  0.0713  0.0141  0.0208  0.0520 aavg: 0.0396  rmse:  0.0779  0.0711  0.0531  0.0215 ravg: 0.0559
Reorder: [1 3 0 2] 2.419e-04 | 2.419e-04 | 2.419e-04 | 9.673e-09 |  369.3 |   26
Trial: 5 sad:  0.0989  0.0176  0.0234  0.0520 aavg: 0.0480  rmse:  0.0758  0.0532  0.0721  0.0251 ravg: 0.0566
usgs/synleg-e4s2-01
[I,J,K]=>[64,64,224]   [Lr,R]=>[24,4]
MaxDelta: 1e-08 LRate: 0.001 RegNorm: 1.0 RegWeight: 0.0 AscWeight: 0.0
Reorder: [2 3 1 0] 8.641e-05 | 8.642e-05 | 8.646e-05 | 9.964e-09 |  374.9 |   24
Trial: 1 sad:  0.0660  0.0065  0.0181  0.0165 aavg: 0.0268  rmse:  0.0900  0.1085  0.0461  0.0336 ravg: 0.0695
Reorder: [3 2 0 1] 7.513e-05 | 7.514e-05 | 7.519e-05 | 9.836e-09 |  377.0 |   27
Trial: 2 sad:  0.0325  0.0051  0.0196  0.0303 aavg: 0.0219  rmse:  0.1044  0.1023  0.0535  0.0263 ravg: 0.0716
Reorder: [2 1 3 0] 8.095e-05 | 8.096e-05 | 8.101e-05 | 9.989e-09 |  369.5 |   25
Trial: 3 sad:  0.0659  0.0121  0.0232  0.0202 aavg: 0.0303  rmse:  0.0917  0.0810  0.0643  0.0289 ravg: 0.0665
Reorder: [3 1 2 0] 7.604e-05 | 7.605e-05 | 7.609e-05 | 9.954e-09 |  370.9 |   26
Trial: 4 sad:  0.0539  0.0085  0.0202  0.0226 aavg: 0.0263  rmse:  0.0970  0.0924  0.0576  0.0297 ravg: 0.0692
Reorder: [1 3 2 0] 8.142e-05 | 8.144e-05 | 8.148e-05 | 9.983e-09 |  375.1 |   26
Trial: 5 sad:  0.0577  0.0098  0.0192  0.0161 aavg: 0.0257  rmse:  0.0944  0.0872  0.0555  0.0308 ravg: 0.0669
usgs/synleg-e4s2-01
[I,J,K]=>[64,64,224]   [Lr,R]=>[32,4]
MaxDelta: 1e-08 LRate: 0.001 RegNorm: 1.0 RegWeight: 0.0 AscWeight: 0.0
Reorder: [2 3 1 0] 3.389e-05 | 3.390e-05 | 3.395e-05 | 9.944e-09 |  371.3 |   22
Trial: 1 sad:  0.0550  0.0101  0.0082  0.0119 aavg: 0.0213  rmse:  0.0944  0.1180  0.0301  0.0364 ravg: 0.0697
Reorder: [2 0 3 1] 3.496e-05 | 3.497e-05 | 3.501e-05 | 9.977e-09 |  371.1 |   22
Trial: 2 sad:  0.0495  0.0136  0.0068  0.0136 aavg: 0.0209  rmse:  0.0970  0.1000  0.0322  0.0324 ravg: 0.0654
Reorder: [2 3 0 1] 4.328e-05 | 4.329e-05 | 4.334e-05 | 9.996e-09 |  374.3 |   21
Trial: 3 sad:  0.0846  0.0131  0.0225  0.0197 aavg: 0.0350  rmse:  0.0851  0.1208  0.0494  0.0419 ravg: 0.0743
Reorder: [3 2 0 1] 3.971e-05 | 3.972e-05 | 3.976e-05 | 9.989e-09 |  381.7 |   21
Trial: 4 sad:  0.0659  0.0182  0.0175  0.0200 aavg: 0.0304  rmse:  0.0971  0.0991  0.0487  0.0390 ravg: 0.0710
Reorder: [1 3 2 0] 3.050e-05 | 3.051e-05 | 3.055e-05 | 9.945e-09 |  374.4 |   26
Trial: 5 sad:  0.0491  0.0032  0.0146  0.0153 aavg: 0.0205  rmse:  0.0972  0.1149  0.0390  0.0327 ravg: 0.0709
usgs/synleg-e4s2-01
[I,J,K]=>[64,64,224]   [Lr,R]=>[48,4]
MaxDelta: 1e-08 LRate: 0.001 RegNorm: 1.0 RegWeight: 0.0 AscWeight: 0.0
Reorder: [1 2 3 0] 2.080e-05 | 2.081e-05 | 2.085e-05 | 9.994e-09 |  378.9 |   18
Trial: 1 sad:  0.5703  0.0030  0.0247  0.0204 aavg: 0.1546  rmse:  0.3603  0.1103  0.3462  0.0442 ravg: 0.2152
Reorder: [2 1 3 0] 2.009e-05 | 2.010e-05 | 2.014e-05 | 9.997e-09 |  378.2 |   17
Trial: 2 sad:  0.0846  0.0118  0.0097  0.0210 aavg: 0.0318  rmse:  0.0824  0.1352  0.0291  0.0422 ravg: 0.0722
Reorder: [2 1 3 0] 2.207e-05 | 2.208e-05 | 2.212e-05 | 9.960e-09 |  379.6 |   17
Trial: 3 sad:  0.5456  0.0089  0.0152  0.0234 aavg: 0.1483  rmse:  0.2754  0.0878  0.2537  0.0326 ravg: 0.1624
Reorder: [3 2 0 1] 2.145e-05 | 2.146e-05 | 2.150e-05 | 9.973e-09 |  368.2 |   18
Trial: 4 sad:  0.0891  0.0116  0.0110  0.0240 aavg: 0.0339  rmse:  0.0829  0.1297  0.0300  0.0408 ravg: 0.0708
Reorder: [1 3 2 0] 2.056e-05 | 2.057e-05 | 2.061e-05 | 9.977e-09 |  377.4 |   18
Trial: 5 sad:  0.0792  0.0094  0.0175  0.0185 aavg: 0.0312  rmse:  0.0847  0.1240  0.0327  0.0418 ravg: 0.0708
usgs/synleg-e4s2-01
[I,J,K]=>[64,64,224]   [Lr,R]=>[56,4]
MaxDelta: 1e-08 LRate: 0.001 RegNorm: 1.0 RegWeight: 0.0 AscWeight: 0.0
Reorder: [2 3 1 0] 1.471e-05 | 1.472e-05 | 1.477e-05 | 9.995e-09 |  359.9 |   17
Trial: 1 sad:  0.3977  0.0129  0.0051  0.0189 aavg: 0.1087  rmse:  0.1699  0.0853  0.0691  0.0554 ravg: 0.0949
Reorder: [2 1 3 0] 1.685e-05 | 1.686e-05 | 1.690e-05 | 9.998e-09 |  373.4 |   16
Trial: 2 sad:  0.5494  0.0142  0.0103  0.0226 aavg: 0.1491  rmse:  0.3317  0.2544  0.0495  0.0550 ravg: 0.1726
Reorder: [2 3 0 1] 1.689e-05 | 1.691e-05 | 1.695e-05 | 9.987e-09 |  375.6 |   16
Trial: 3 sad:  0.5751  0.0111  0.0082  0.0242 aavg: 0.1546  rmse:  0.5109  0.4424  0.1223  0.0426 ravg: 0.2795
Reorder: [3 1 0 2] 1.615e-05 | 1.616e-05 | 1.620e-05 | 9.982e-09 |  366.7 |   17
Trial: 4 sad:  0.0833  0.0094  0.0131  0.0140 aavg: 0.0300  rmse:  0.0823  0.1345  0.0305  0.0416 ravg: 0.0722
Reorder: [1 3 2 0] 1.693e-05 | 1.694e-05 | 1.698e-05 | 9.937e-09 |  361.7 |   17
Trial: 5 sad:  0.3200  0.0097  0.0139  0.0222 aavg: 0.0915  rmse:  0.1482  0.0982  0.0659  0.0451 ravg: 0.0893
usgs/synleg-e4s2-01
[I,J,K]=>[64,64,224]   [Lr,R]=>[64,4]
MaxDelta: 1e-08 LRate: 0.001 RegNorm: 1.0 RegWeight: 0.0 AscWeight: 0.0
Reorder: [3 2 1 0] 1.350e-05 | 1.351e-05 | 1.355e-05 | 9.999e-09 |  377.6 |   18
Trial: 1 sad:  0.5724  0.0038  0.0287  0.0175 aavg: 0.1556  rmse:  0.4683  0.1915  0.3053  0.0324 ravg: 0.2494
Reorder: [0 1 3 2] 1.469e-05 | 1.470e-05 | 1.475e-05 | 9.970e-09 |  375.5 |   15
Trial: 2 sad:  0.5841  0.0099  0.0083  0.0265 aavg: 0.1572  rmse:  0.4974  0.4471  0.1666  0.0376 ravg: 0.2872
Reorder: [2 3 0 1] 1.554e-05 | 1.555e-05 | 1.559e-05 | 9.995e-09 |  364.2 |   16
Trial: 3 sad:  0.0963  0.0103  0.0125  0.0201 aavg: 0.0348  rmse:  0.0778  0.1269  0.0330  0.0404 ravg: 0.0695
Reorder: [3 2 0 1] 1.463e-05 | 1.464e-05 | 1.469e-05 | 9.997e-09 |  366.0 |   16
Trial: 4 sad:  0.2481  0.0106  0.0100  0.0221 aavg: 0.0727  rmse:  0.1062  0.1020  0.0431  0.0402 ravg: 0.0729
Reorder: [1 3 0 2] 1.514e-05 | 1.515e-05 | 1.519e-05 | 1.000e-08 |  369.8 |   16
Trial: 5 sad:  0.0790  0.0091  0.0141  0.0165 aavg: 0.0297  rmse:  0.0853  0.1310  0.0311  0.0403 ravg: 0.0719
usgs/synleg-e4s2-02
[I,J,K]=>[64,64,224]   [Lr,R]=>[2,4]
MaxDelta: 1e-08 LRate: 0.001 RegNorm: 1.0 RegWeight: 0.0 AscWeight: 0.0
Reorder: [3 1 2 0] 3.895e-03 | 3.895e-03 | 3.895e-03 | 9.965e-09 |  369.5 |   14
Trial: 1 sad:  0.7448  0.0492  0.2934  0.1978 aavg: 0.3213  rmse:  0.5629  0.1442  0.4363  0.4104 ravg: 0.3885
Reorder: [0 1 2 3] 3.908e-03 | 3.908e-03 | 3.908e-03 | 9.965e-09 |  377.2 |   18
Trial: 2 sad:  0.7178  0.0474  0.2932  0.1933 aavg: 0.3129  rmse:  0.3433  0.1344  0.4344  0.1449 ravg: 0.2642
Reorder: [3 0 1 2] 3.902e-03 | 3.902e-03 | 3.902e-03 | 9.942e-09 |  383.1 |   15
Trial: 3 sad:  0.6887  0.0422  0.2886  0.2491 aavg: 0.3172  rmse:  0.3564  0.1355  0.4337  0.1507 ravg: 0.2691
Reorder: [1 3 2 0] 3.763e-03 | 3.763e-03 | 3.763e-03 | 9.965e-09 |  367.1 |   22
Trial: 4 sad:  0.2201  0.0359  0.2127  0.2276 aavg: 0.1741  rmse:  0.0890  0.1048  0.0907  0.1834 ravg: 0.1170
Reorder: [2 3 1 0] 3.780e-03 | 3.780e-03 | 3.780e-03 | 9.988e-09 |  368.7 |   17
Trial: 5 sad:  0.7058  0.0380  0.3302  0.2226 aavg: 0.3241  rmse:  0.4877  0.1580  0.4268  0.2924 ravg: 0.3412
usgs/synleg-e4s2-02
[I,J,K]=>[64,64,224]   [Lr,R]=>[4,4]
MaxDelta: 1e-08 LRate: 0.001 RegNorm: 1.0 RegWeight: 0.0 AscWeight: 0.0
Reorder: [2 3 0 1] 1.834e-03 | 1.834e-03 | 1.834e-03 | 9.977e-09 |  349.7 |   25
Trial: 1 sad:  0.2526  0.0289  0.5375  0.1119 aavg: 0.2327  rmse:  0.1057  0.1517  0.5528  0.4327 ravg: 0.3107
Reorder: [0 2 1 3] 1.760e-03 | 1.760e-03 | 1.760e-03 | 9.767e-09 |  356.7 |   28
Trial: 2 sad:  0.1867  0.0299  0.1877  0.0744 aavg: 0.1197  rmse:  0.0633  0.0833  0.1039  0.0469 ravg: 0.0744
Reorder: [3 2 0 1] 1.838e-03 | 1.838e-03 | 1.838e-03 | 9.965e-09 |  348.2 |   22
Trial: 3 sad:  0.7580  0.0394  0.2943  0.0895 aavg: 0.2953  rmse:  0.5192  0.1267  0.4311  0.3775 ravg: 0.3636
Reorder: [0 1 3 2] 1.687e-03 | 1.687e-03 | 1.687e-03 | 9.791e-09 |  356.0 |   27
Trial: 4 sad:  0.1809  0.0207  0.1923  0.0741 aavg: 0.1170  rmse:  0.0592  0.0826  0.1256  0.0477 ravg: 0.0788
Reorder: [0 3 1 2] 1.800e-03 | 1.800e-03 | 1.800e-03 | 9.907e-09 |  351.1 |   29
Trial: 5 sad:  0.7969  0.0309  0.3199  0.1125 aavg: 0.3150  rmse:  0.5185  0.1457  0.4293  0.3944 ravg: 0.3720
usgs/synleg-e4s2-02
[I,J,K]=>[64,64,224]   [Lr,R]=>[8,4]
MaxDelta: 1e-08 LRate: 0.001 RegNorm: 1.0 RegWeight: 0.0 AscWeight: 0.0
Reorder: [1 3 2 0] 7.361e-04 | 7.361e-04 | 7.362e-04 | 9.849e-09 |  369.8 |   31
Trial: 1 sad:  0.1601  0.0172  0.0922  0.0384 aavg: 0.0770  rmse:  0.0569  0.0961  0.0475  0.0436 ravg: 0.0610
Reorder: [0 1 2 3] 7.552e-04 | 7.553e-04 | 7.553e-04 | 9.983e-09 |  354.1 |   25
Trial: 2 sad:  0.1537  0.0232  0.1118  0.0441 aavg: 0.0832  rmse:  0.0619  0.1002  0.0623  0.0359 ravg: 0.0651
Reorder: [1 0 2 3] 7.650e-04 | 7.650e-04 | 7.651e-04 | 9.901e-09 |  340.4 |   27
Trial: 3 sad:  0.1628  0.0246  0.1218  0.0326 aavg: 0.0855  rmse:  0.0560  0.1154  0.0713  0.0495 ravg: 0.0730
Reorder: [0 1 3 2] 7.244e-04 | 7.244e-04 | 7.245e-04 | 9.808e-09 |  363.6 |   35
Trial: 4 sad:  0.1408  0.0093  0.0799  0.0489 aavg: 0.0697  rmse:  0.0475  0.0833  0.0398  0.0337 ravg: 0.0511
Reorder: [1 2 3 0] 7.395e-04 | 7.395e-04 | 7.395e-04 | 9.977e-09 |  376.6 |   29
Trial: 5 sad:  0.1671  0.0177  0.1517  0.0208 aavg: 0.0893  rmse:  0.0602  0.0589  0.1146  0.0593 ravg: 0.0732
usgs/synleg-e4s2-02
[I,J,K]=>[64,64,224]   [Lr,R]=>[16,4]
MaxDelta: 1e-08 LRate: 0.001 RegNorm: 1.0 RegWeight: 0.0 AscWeight: 0.0
Reorder: [2 3 1 0] 1.856e-04 | 1.856e-04 | 1.856e-04 | 9.889e-09 |  372.7 |   26
Trial: 1 sad:  0.0559  0.0330  0.0598  0.0115 aavg: 0.0400  rmse:  0.0802  0.1575  0.0502  0.0604 ravg: 0.0871
Reorder: [2 0 1 3] 1.838e-04 | 1.838e-04 | 1.838e-04 | 9.974e-09 |  361.0 |   25
Trial: 2 sad:  0.0807  0.0222  0.0618  0.0170 aavg: 0.0454  rmse:  0.0686  0.0739  0.0487  0.0279 ravg: 0.0548
Reorder: [2 3 0 1] 1.825e-04 | 1.825e-04 | 1.825e-04 | 9.565e-09 |  360.3 |   34
Trial: 3 sad:  0.0604  0.0194  0.0587  0.0087 aavg: 0.0368  rmse:  0.0763  0.1272  0.0411  0.0457 ravg: 0.0726
Reorder: [3 1 2 0] 1.828e-04 | 1.828e-04 | 1.828e-04 | 9.884e-09 |  353.5 |   30
Trial: 4 sad:  0.1311  0.0076  0.0684  0.0121 aavg: 0.0548  rmse:  0.0547  0.0404  0.0634  0.0405 ravg: 0.0497
Reorder: [1 2 3 0] 1.748e-04 | 1.748e-04 | 1.749e-04 | 9.897e-09 |  355.2 |   31
Trial: 5 sad:  0.0939  0.0272  0.0603  0.0100 aavg: 0.0479  rmse:  0.0632  0.1311  0.0428  0.0574 ravg: 0.0736
usgs/synleg-e4s2-02
[I,J,K]=>[64,64,224]   [Lr,R]=>[24,4]
MaxDelta: 1e-08 LRate: 0.001 RegNorm: 1.0 RegWeight: 0.0 AscWeight: 0.0
Reorder: [2 3 1 0] 6.912e-05 | 6.913e-05 | 6.917e-05 | 9.986e-09 |  363.2 |   22
Trial: 1 sad:  0.1805  0.0485  0.0506  0.0150 aavg: 0.0736  rmse:  0.0753  0.0998  0.0603  0.0544 ravg: 0.0724
Reorder: [0 1 2 3] 6.622e-05 | 6.624e-05 | 6.628e-05 | 9.995e-09 |  351.3 |   21
Trial: 2 sad:  0.0614  0.0231  0.0576  0.0151 aavg: 0.0393  rmse:  0.0879  0.1062  0.0517  0.0407 ravg: 0.0716
Reorder: [0 1 2 3] 6.475e-05 | 6.476e-05 | 6.480e-05 | 9.951e-09 |  354.5 |   24
Trial: 3 sad:  0.0265  0.0219  0.0510  0.0174 aavg: 0.0292  rmse:  0.0979  0.1356  0.0376  0.0408 ravg: 0.0780
Reorder: [0 1 3 2] 6.200e-05 | 6.201e-05 | 6.206e-05 | 9.950e-09 |  345.9 |   24
Trial: 4 sad:  0.0592  0.0546  0.0623  0.0210 aavg: 0.0493  rmse:  0.0964  0.1037  0.0736  0.0424 ravg: 0.0790
Reorder: [1 2 3 0] 6.916e-05 | 6.917e-05 | 6.922e-05 | 9.995e-09 |  371.0 |   25
Trial: 5 sad:  0.0493  0.0189  0.0444  0.0151 aavg: 0.0319  rmse:  0.0841  0.1355  0.0378  0.0447 ravg: 0.0755
usgs/synleg-e4s2-02
[I,J,K]=>[64,64,224]   [Lr,R]=>[32,4]
MaxDelta: 1e-08 LRate: 0.001 RegNorm: 1.0 RegWeight: 0.0 AscWeight: 0.0
Reorder: [1 3 2 0] 2.650e-05 | 2.651e-05 | 2.656e-05 | 9.970e-09 |  368.9 |   19
Trial: 1 sad:  0.0525  0.0075  0.0580  0.0158 aavg: 0.0335  rmse:  0.0848  0.1278  0.0472  0.0414 ravg: 0.0753
Reorder: [2 1 0 3] 2.637e-05 | 2.638e-05 | 2.642e-05 | 9.997e-09 |  378.6 |   18
Trial: 2 sad:  0.0313  0.0127  0.0407  0.0210 aavg: 0.0264  rmse:  0.0919  0.1225  0.0335  0.0347 ravg: 0.0707
Reorder: [1 0 2 3] 2.322e-05 | 2.323e-05 | 2.327e-05 | 9.980e-09 |  379.8 |   19
Trial: 3 sad:  0.0534  0.0060  0.0566  0.0227 aavg: 0.0347  rmse:  0.0853  0.1168  0.0587  0.0337 ravg: 0.0736
Reorder: [3 2 0 1] 2.911e-05 | 2.912e-05 | 2.916e-05 | 9.975e-09 |  375.7 |   19
Trial: 4 sad:  0.5840  0.0126  0.0208  0.0164 aavg: 0.1584  rmse:  0.3822  0.3334  0.1082  0.0510 ravg: 0.2187
Reorder: [3 2 1 0] 2.779e-05 | 2.780e-05 | 2.785e-05 | 9.954e-09 |  366.4 |   20
Trial: 5 sad:  0.0710  0.0160  0.0502  0.0194 aavg: 0.0391  rmse:  0.0800  0.1271  0.0459  0.0409 ravg: 0.0735
usgs/synleg-e4s2-02
[I,J,K]=>[64,64,224]   [Lr,R]=>[48,4]
MaxDelta: 1e-08 LRate: 0.001 RegNorm: 1.0 RegWeight: 0.0 AscWeight: 0.0
Reorder: [2 3 1 0] 1.303e-05 | 1.304e-05 | 1.308e-05 | 9.986e-09 |  367.8 |   16
Trial: 1 sad:  0.5899  0.0117  0.0180  0.0156 aavg: 0.1588  rmse:  0.3866  0.3358  0.1599  0.0413 ravg: 0.2309
Reorder: [2 1 0 3] 1.024e-05 | 1.025e-05 | 1.029e-05 | 9.963e-09 |  372.0 |   17
Trial: 2 sad:  0.0594  0.0106  0.0160  0.0143 aavg: 0.0251  rmse:  0.0771  0.1378  0.0277  0.0429 ravg: 0.0714
Reorder: [1 0 2 3] 1.201e-05 | 1.202e-05 | 1.206e-05 | 9.998e-09 |  375.9 |   16
Trial: 3 sad:  0.0602  0.0124  0.0400  0.0182 aavg: 0.0327  rmse:  0.0797  0.1275  0.0371  0.0399 ravg: 0.0711
Reorder: [3 2 0 1] 1.464e-05 | 1.465e-05 | 1.470e-05 | 9.986e-09 |  366.5 |   17
Trial: 4 sad:  0.5703  0.0100  0.0453  0.0175 aavg: 0.1608  rmse:  0.3591  0.1822  0.2183  0.0401 ravg: 0.1999
Reorder: [2 3 1 0] 1.312e-05 | 1.313e-05 | 1.317e-05 | 9.983e-09 |  346.8 |   18
Trial: 5 sad:  0.5652  0.0085  0.0650  0.0179 aavg: 0.1642  rmse:  0.1126  0.1359  0.1029  0.0405 ravg: 0.0980
usgs/synleg-e4s2-02
[I,J,K]=>[64,64,224]   [Lr,R]=>[56,4]
MaxDelta: 1e-08 LRate: 0.001 RegNorm: 1.0 RegWeight: 0.0 AscWeight: 0.0
Reorder: [2 3 1 0] 1.256e-05 | 1.257e-05 | 1.262e-05 | 9.999e-09 |  341.8 |   16
Trial: 1 sad:  0.5897  0.0100  0.0184  0.0166 aavg: 0.1587  rmse:  0.3898  0.3353  0.1505  0.0419 ravg: 0.2294
Reorder: [2 1 0 3] 1.195e-05 | 1.196e-05 | 1.200e-05 | 9.983e-09 |  349.7 |   19
Trial: 2 sad:  0.0857  0.0129  0.0833  0.0192 aavg: 0.0503  rmse:  0.0766  0.1018  0.0459  0.0432 ravg: 0.0669
Reorder: [1 0 2 3] 9.949e-06 | 9.959e-06 | 1.000e-05 | 9.991e-09 |  364.3 |   16
Trial: 3 sad:  0.0533  0.0048  0.0562  0.0248 aavg: 0.0347  rmse:  0.0793  0.1129  0.0468  0.0333 ravg: 0.0681
Reorder: [1 3 0 2] 1.741e-05 | 1.742e-05 | 1.747e-05 | 9.988e-09 |  362.4 |   18
Trial: 4 sad:  0.0495  0.0180  0.1276  0.0407 aavg: 0.0589  rmse:  0.0838  0.0982  0.0792  0.0506 ravg: 0.0779
Reorder: [2 3 1 0] 6.153e-06 | 6.164e-06 | 6.208e-06 | 9.977e-09 |  365.0 |   19
Trial: 5 sad:  0.0834  0.0072  0.0515  0.0241 aavg: 0.0415  rmse:  0.0744  0.1227  0.0593  0.0369 ravg: 0.0733
usgs/synleg-e4s2-02
[I,J,K]=>[64,64,224]   [Lr,R]=>[64,4]
MaxDelta: 1e-08 LRate: 0.001 RegNorm: 1.0 RegWeight: 0.0 AscWeight: 0.0
Reorder: [1 3 2 0] 1.124e-05 | 1.125e-05 | 1.129e-05 | 9.992e-09 |  348.9 |   15
Trial: 1 sad:  0.0737  0.0112  0.0545  0.0257 aavg: 0.0413  rmse:  0.0773  0.1271  0.0655  0.0384 ravg: 0.0771
Reorder: [2 0 1 3] 7.027e-06 | 7.037e-06 | 7.081e-06 | 9.995e-09 |  367.6 |   15
Trial: 2 sad:  0.0395  0.0076  0.1840  0.0214 aavg: 0.0631  rmse:  0.0826  0.0910  0.1854  0.0400 ravg: 0.0997
Reorder: [1 0 2 3] 7.944e-06 | 7.954e-06 | 7.999e-06 | 9.986e-09 |  350.9 |   15
Trial: 3 sad:  0.0522  0.0102  0.0461  0.0213 aavg: 0.0325  rmse:  0.0818  0.1248  0.0368  0.0376 ravg: 0.0703
Reorder: [3 2 0 1] 1.196e-05 | 1.197e-05 | 1.202e-05 | 9.969e-09 |  348.8 |   17
Trial: 4 sad:  0.5794  0.0081  0.0494  0.0271 aavg: 0.1660  rmse:  0.2145  0.1107  0.1797  0.0356 ravg: 0.1351
Reorder: [1 2 3 0] 1.027e-05 | 1.028e-05 | 1.033e-05 | 9.924e-09 |  349.5 |   15
Trial: 5 sad:  0.5879  0.0127  0.0377  0.0202 aavg: 0.1646  rmse:  0.3830  0.3348  0.1339  0.0427 ravg: 0.2236
usgs/synleg-e4s2-03
[I,J,K]=>[64,64,224]   [Lr,R]=>[2,4]
MaxDelta: 1e-08 LRate: 0.001 RegNorm: 1.0 RegWeight: 0.0 AscWeight: 0.0
Reorder: [3 1 2 0] 4.185e-03 | 4.185e-03 | 4.185e-03 | 9.965e-09 |  374.5 |   21
Trial: 1 sad:  0.4708  0.0747  0.1114  0.2566 aavg: 0.2284  rmse:  0.1946  0.0977  0.1224  0.0679 ravg: 0.1206
Reorder: [0 3 1 2] 4.346e-03 | 4.346e-03 | 4.346e-03 | 9.965e-09 |  377.7 |   16
Trial: 2 sad:  0.4936  0.0741  0.0937  0.2467 aavg: 0.2270  rmse:  0.1983  0.1334  0.1160  0.0711 ravg: 0.1297
Reorder: [2 0 1 3] 4.085e-03 | 4.085e-03 | 4.085e-03 | 9.919e-09 |  367.6 |   20
Trial: 3 sad:  0.4951  0.0355  0.1077  0.2059 aavg: 0.2111  rmse:  0.1942  0.1455  0.1430  0.0787 ravg: 0.1404
Reorder: [2 3 0 1] 4.239e-03 | 4.239e-03 | 4.239e-03 | 9.965e-09 |  368.2 |   17
Trial: 4 sad:  0.5001  0.0486  0.0687  0.2764 aavg: 0.2235  rmse:  0.2083  0.1312  0.1002  0.0741 ravg: 0.1285
Reorder: [1 3 0 2] 3.861e-03 | 3.861e-03 | 3.861e-03 | 9.988e-09 |  376.4 |   21
Trial: 5 sad:  0.3966  0.0257  0.1207  0.1887 aavg: 0.1829  rmse:  0.1912  0.1308  0.0939  0.0721 ravg: 0.1220
usgs/synleg-e4s2-03
[I,J,K]=>[64,64,224]   [Lr,R]=>[4,4]
MaxDelta: 1e-08 LRate: 0.001 RegNorm: 1.0 RegWeight: 0.0 AscWeight: 0.0
Reorder: [2 3 1 0] 1.874e-03 | 1.874e-03 | 1.874e-03 | 9.674e-09 |  365.1 |   25
Trial: 1 sad:  0.4411  0.0260  0.0780  0.0836 aavg: 0.1572  rmse:  0.2032  0.1174  0.0689  0.0745 ravg: 0.1160
Reorder: [0 1 2 3] 1.907e-03 | 1.907e-03 | 1.907e-03 | 9.965e-09 |  351.9 |   25
Trial: 2 sad:  0.4608  0.0411  0.1455  0.0938 aavg: 0.1853  rmse:  0.2350  0.0943  0.0996  0.0620 ravg: 0.1227
Reorder: [1 3 2 0] 1.803e-03 | 1.803e-03 | 1.804e-03 | 9.884e-09 |  346.4 |   24
Trial: 3 sad:  0.4518  0.0184  0.0490  0.0829 aavg: 0.1505  rmse:  0.1887  0.1080  0.1018  0.0695 ravg: 0.1170
Reorder: [0 1 3 2] 1.767e-03 | 1.767e-03 | 1.767e-03 | 9.895e-09 |  354.1 |   30
Trial: 4 sad:  0.4945  0.0283  0.0531  0.0831 aavg: 0.1648  rmse:  0.1945  0.1223  0.1146  0.0733 ravg: 0.1262
Reorder: [0 1 2 3] 1.844e-03 | 1.844e-03 | 1.844e-03 | 9.930e-09 |  340.5 |   27
Trial: 5 sad:  0.3904  0.0238  0.0442  0.0884 aavg: 0.1367  rmse:  0.1839  0.0979  0.0844  0.0622 ravg: 0.1071
usgs/synleg-e4s2-03
[I,J,K]=>[64,64,224]   [Lr,R]=>[8,4]
MaxDelta: 1e-08 LRate: 0.001 RegNorm: 1.0 RegWeight: 0.0 AscWeight: 0.0
Reorder: [1 0 2 3] 7.624e-04 | 7.624e-04 | 7.624e-04 | 9.977e-09 |  343.4 |   31
Trial: 1 sad:  0.4202  0.0136  0.0249  0.0727 aavg: 0.1328  rmse:  0.1822  0.0811  0.0700  0.0694 ravg: 0.1007
Reorder: [0 1 2 3] 7.663e-04 | 7.663e-04 | 7.664e-04 | 9.878e-09 |  384.9 |   26
Trial: 2 sad:  0.4110  0.0271  0.0234  0.0669 aavg: 0.1321  rmse:  0.1365  0.0892  0.0699  0.0701 ravg: 0.0914
Reorder: [2 1 3 0] 7.657e-04 | 7.657e-04 | 7.658e-04 | 9.820e-09 |  370.9 |   28
Trial: 3 sad:  0.4213  0.0116  0.0264  0.0673 aavg: 0.1316  rmse:  0.1645  0.0934  0.0707  0.0730 ravg: 0.1004
Reorder: [3 1 0 2] 7.768e-04 | 7.768e-04 | 7.768e-04 | 9.756e-09 |  373.5 |   24
Trial: 4 sad:  0.4337  0.0210  0.0251  0.0615 aavg: 0.1353  rmse:  0.1775  0.0888  0.0776  0.0738 ravg: 0.1044
Reorder: [3 1 2 0] 7.849e-04 | 7.849e-04 | 7.850e-04 | 9.889e-09 |  383.3 |   27
Trial: 5 sad:  0.3784  0.0131  0.0331  0.0555 aavg: 0.1200  rmse:  0.1710  0.0991  0.0854  0.0548 ravg: 0.1026
usgs/synleg-e4s2-03
[I,J,K]=>[64,64,224]   [Lr,R]=>[16,4]
MaxDelta: 1e-08 LRate: 0.001 RegNorm: 1.0 RegWeight: 0.0 AscWeight: 0.0
Reorder: [1 2 3 0] 2.523e-04 | 2.523e-04 | 2.524e-04 | 9.965e-09 |  369.0 |   26
Trial: 1 sad:  0.2339  0.0097  0.0277  0.0528 aavg: 0.0810  rmse:  0.0960  0.0751  0.0686  0.0317 ravg: 0.0679
Reorder: [3 2 0 1] 2.484e-04 | 2.484e-04 | 2.485e-04 | 9.939e-09 |  374.0 |   24
Trial: 2 sad:  0.0501  0.0115  0.0215  0.0493 aavg: 0.0331  rmse:  0.1013  0.0830  0.0573  0.0233 ravg: 0.0662
Reorder: [2 3 0 1] 2.518e-04 | 2.518e-04 | 2.519e-04 | 9.852e-09 |  377.3 |   24
Trial: 3 sad:  0.1410  0.0184  0.0211  0.0510 aavg: 0.0579  rmse:  0.0611  0.0534  0.0577  0.0296 ravg: 0.0504
Reorder: [3 2 0 1] 2.444e-04 | 2.444e-04 | 2.444e-04 | 9.986e-09 |  371.8 |   28
Trial: 4 sad:  0.0713  0.0141  0.0208  0.0520 aavg: 0.0396  rmse:  0.0779  0.0711  0.0531  0.0215 ravg: 0.0559
Reorder: [1 3 0 2] 2.419e-04 | 2.419e-04 | 2.419e-04 | 9.673e-09 |  375.2 |   26
Trial: 5 sad:  0.0989  0.0176  0.0234  0.0520 aavg: 0.0480  rmse:  0.0758  0.0532  0.0721  0.0251 ravg: 0.0566
usgs/synleg-e4s2-03
[I,J,K]=>[64,64,224]   [Lr,R]=>[24,4]
MaxDelta: 1e-08 LRate: 0.001 RegNorm: 1.0 RegWeight: 0.0 AscWeight: 0.0
Reorder: [2 3 1 0] 8.641e-05 | 8.642e-05 | 8.646e-05 | 9.964e-09 |  375.8 |   24
Trial: 1 sad:  0.0660  0.0065  0.0181  0.0165 aavg: 0.0268  rmse:  0.0900  0.1085  0.0461  0.0336 ravg: 0.0695
Reorder: [3 2 0 1] 7.513e-05 | 7.514e-05 | 7.519e-05 | 9.836e-09 |  372.3 |   28
Trial: 2 sad:  0.0325  0.0051  0.0196  0.0303 aavg: 0.0219  rmse:  0.1044  0.1023  0.0535  0.0263 ravg: 0.0716
Reorder: [2 1 3 0] 8.095e-05 | 8.096e-05 | 8.101e-05 | 9.989e-09 |  374.5 |   25
Trial: 3 sad:  0.0659  0.0121  0.0232  0.0202 aavg: 0.0303  rmse:  0.0917  0.0810  0.0643  0.0289 ravg: 0.0665
Reorder: [3 1 2 0] 7.604e-05 | 7.605e-05 | 7.609e-05 | 9.954e-09 |  373.2 |   26
Trial: 4 sad:  0.0539  0.0085  0.0202  0.0226 aavg: 0.0263  rmse:  0.0970  0.0924  0.0576  0.0297 ravg: 0.0692
Reorder: [1 3 2 0] 8.142e-05 | 8.144e-05 | 8.148e-05 | 9.983e-09 |  375.9 |   26
Trial: 5 sad:  0.0577  0.0098  0.0192  0.0161 aavg: 0.0257  rmse:  0.0944  0.0872  0.0555  0.0308 ravg: 0.0669
usgs/synleg-e4s2-03
[I,J,K]=>[64,64,224]   [Lr,R]=>[32,4]
MaxDelta: 1e-08 LRate: 0.001 RegNorm: 1.0 RegWeight: 0.0 AscWeight: 0.0
Reorder: [2 3 1 0] 3.389e-05 | 3.390e-05 | 3.395e-05 | 9.944e-09 |  368.3 |   22
Trial: 1 sad:  0.0550  0.0101  0.0082  0.0119 aavg: 0.0213  rmse:  0.0944  0.1180  0.0301  0.0364 ravg: 0.0697
Reorder: [2 0 3 1] 3.496e-05 | 3.497e-05 | 3.501e-05 | 9.977e-09 |  363.7 |   23
Trial: 2 sad:  0.0495  0.0136  0.0068  0.0136 aavg: 0.0209  rmse:  0.0970  0.1000  0.0322  0.0324 ravg: 0.0654
Reorder: [2 3 0 1] 4.328e-05 | 4.329e-05 | 4.334e-05 | 9.996e-09 |  372.1 |   21
Trial: 3 sad:  0.0846  0.0131  0.0225  0.0197 aavg: 0.0350  rmse:  0.0851  0.1208  0.0494  0.0419 ravg: 0.0743
Reorder: [3 2 0 1] 3.971e-05 | 3.972e-05 | 3.976e-05 | 9.989e-09 |  374.2 |   22
Trial: 4 sad:  0.0659  0.0182  0.0175  0.0200 aavg: 0.0304  rmse:  0.0971  0.0991  0.0487  0.0390 ravg: 0.0710
Reorder: [1 3 2 0] 3.050e-05 | 3.051e-05 | 3.055e-05 | 9.945e-09 |  366.9 |   26
Trial: 5 sad:  0.0491  0.0032  0.0146  0.0153 aavg: 0.0205  rmse:  0.0972  0.1149  0.0390  0.0327 ravg: 0.0709
usgs/synleg-e4s2-03
[I,J,K]=>[64,64,224]   [Lr,R]=>[48,4]
MaxDelta: 1e-08 LRate: 0.001 RegNorm: 1.0 RegWeight: 0.0 AscWeight: 0.0
Reorder: [1 2 3 0] 2.080e-05 | 2.081e-05 | 2.085e-05 | 9.994e-09 |  375.3 |   19
Trial: 1 sad:  0.5703  0.0030  0.0247  0.0204 aavg: 0.1546  rmse:  0.3603  0.1103  0.3462  0.0442 ravg: 0.2152
Reorder: [2 1 3 0] 2.009e-05 | 2.010e-05 | 2.014e-05 | 9.997e-09 |  380.3 |   17
Trial: 2 sad:  0.0846  0.0118  0.0097  0.0210 aavg: 0.0318  rmse:  0.0824  0.1352  0.0291  0.0422 ravg: 0.0722
Reorder: [2 1 3 0] 2.207e-05 | 2.208e-05 | 2.212e-05 | 9.960e-09 |  368.1 |   18
Trial: 3 sad:  0.5456  0.0089  0.0152  0.0234 aavg: 0.1483  rmse:  0.2754  0.0878  0.2537  0.0326 ravg: 0.1624
Reorder: [3 2 0 1] 2.145e-05 | 2.146e-05 | 2.150e-05 | 9.973e-09 |  369.8 |   18
Trial: 4 sad:  0.0891  0.0116  0.0110  0.0240 aavg: 0.0339  rmse:  0.0829  0.1297  0.0300  0.0408 ravg: 0.0708
Reorder: [1 3 2 0] 2.056e-05 | 2.057e-05 | 2.061e-05 | 9.977e-09 |  374.3 |   18
Trial: 5 sad:  0.0792  0.0094  0.0175  0.0185 aavg: 0.0312  rmse:  0.0847  0.1240  0.0327  0.0418 ravg: 0.0708
usgs/synleg-e4s2-03
[I,J,K]=>[64,64,224]   [Lr,R]=>[56,4]
MaxDelta: 1e-08 LRate: 0.001 RegNorm: 1.0 RegWeight: 0.0 AscWeight: 0.0
Reorder: [2 3 1 0] 1.471e-05 | 1.472e-05 | 1.477e-05 | 9.995e-09 |  380.1 |   17
Trial: 1 sad:  0.3977  0.0129  0.0051  0.0189 aavg: 0.1087  rmse:  0.1699  0.0853  0.0691  0.0554 ravg: 0.0949
Reorder: [2 1 3 0] 1.685e-05 | 1.686e-05 | 1.690e-05 | 9.998e-09 |  376.9 |   16
Trial: 2 sad:  0.5494  0.0142  0.0103  0.0226 aavg: 0.1491  rmse:  0.3317  0.2544  0.0495  0.0550 ravg: 0.1726
Reorder: [2 3 0 1] 1.689e-05 | 1.691e-05 | 1.695e-05 | 9.987e-09 |  365.9 |   17
Trial: 3 sad:  0.5751  0.0111  0.0082  0.0242 aavg: 0.1546  rmse:  0.5109  0.4424  0.1223  0.0426 ravg: 0.2795
Reorder: [3 1 0 2] 1.615e-05 | 1.616e-05 | 1.620e-05 | 9.982e-09 |  368.5 |   17
Trial: 4 sad:  0.0833  0.0094  0.0131  0.0140 aavg: 0.0300  rmse:  0.0823  0.1345  0.0305  0.0416 ravg: 0.0722
Reorder: [1 3 2 0] 1.693e-05 | 1.694e-05 | 1.698e-05 | 9.937e-09 |  377.3 |   16
Trial: 5 sad:  0.3200  0.0097  0.0139  0.0222 aavg: 0.0915  rmse:  0.1482  0.0982  0.0659  0.0451 ravg: 0.0893
usgs/synleg-e4s2-03
[I,J,K]=>[64,64,224]   [Lr,R]=>[64,4]
MaxDelta: 1e-08 LRate: 0.001 RegNorm: 1.0 RegWeight: 0.0 AscWeight: 0.0
Reorder: [3 2 1 0] 1.350e-05 | 1.351e-05 | 1.355e-05 | 9.999e-09 |  327.3 |   21
Trial: 1 sad:  0.5724  0.0038  0.0287  0.0175 aavg: 0.1556  rmse:  0.4683  0.1915  0.3053  0.0324 ravg: 0.2494
Reorder: [0 1 3 2] 1.469e-05 | 1.470e-05 | 1.475e-05 | 9.970e-09 |  363.3 |   16
Trial: 2 sad:  0.5841  0.0099  0.0083  0.0265 aavg: 0.1572  rmse:  0.4974  0.4471  0.1666  0.0376 ravg: 0.2872
Reorder: [2 3 0 1] 1.554e-05 | 1.555e-05 | 1.559e-05 | 9.995e-09 |  367.8 |   16
Trial: 3 sad:  0.0963  0.0103  0.0125  0.0201 aavg: 0.0348  rmse:  0.0778  0.1269  0.0330  0.0404 ravg: 0.0695
Reorder: [3 2 0 1] 1.463e-05 | 1.464e-05 | 1.469e-05 | 9.997e-09 |  349.7 |   17
Trial: 4 sad:  0.2481  0.0106  0.0100  0.0221 aavg: 0.0727  rmse:  0.1062  0.1020  0.0431  0.0402 ravg: 0.0729
Reorder: [1 3 0 2] 1.514e-05 | 1.515e-05 | 1.519e-05 | 1.000e-08 |  354.2 |   17
Trial: 5 sad:  0.0790  0.0091  0.0141  0.0165 aavg: 0.0297  rmse:  0.0853  0.1310  0.0311  0.0403 ravg: 0.0719
usgs/synleg-e4s2-04
[I,J,K]=>[64,64,224]   [Lr,R]=>[2,4]
MaxDelta: 1e-08 LRate: 0.001 RegNorm: 1.0 RegWeight: 0.0 AscWeight: 0.0
Reorder: [0 1 2 3] 4.626e-04 | 4.626e-04 | 4.626e-04 | 9.991e-09 |  375.4 |   20
Trial: 1 sad:  0.6056  0.1575  0.0725  0.2343 aavg: 0.2675  rmse:  0.2351  0.5142  0.3919  0.2013 ravg: 0.3356
Reorder: [2 0 1 3] 4.660e-04 | 4.660e-04 | 4.661e-04 | 9.988e-09 |  346.3 |   22
Trial: 2 sad:  0.6049  0.1604  0.0836  0.2316 aavg: 0.2701  rmse:  0.2356  0.5014  0.3887  0.2021 ravg: 0.3320
Reorder: [0 1 2 3] 4.190e-04 | 4.190e-04 | 4.191e-04 | 9.980e-09 |  357.0 |   28
Trial: 3 sad:  0.5506  0.1400  0.1210  0.2223 aavg: 0.2585  rmse:  0.4248  0.2086  0.2917  0.1687 ravg: 0.2735
Reorder: [1 0 2 3] 4.668e-04 | 4.668e-04 | 4.668e-04 | 9.991e-09 |  354.9 |   20
Trial: 4 sad:  0.6096  0.1501  0.0935  0.2268 aavg: 0.2700  rmse:  0.2030  0.4106  0.3287  0.1999 ravg: 0.2855
Reorder: [3 1 2 0] 4.188e-04 | 4.188e-04 | 4.188e-04 | 9.986e-09 |  351.8 |   28
Trial: 5 sad:  0.5460  0.1487  0.0501  0.2310 aavg: 0.2440  rmse:  0.4047  0.2932  0.3403  0.1688 ravg: 0.3018
usgs/synleg-e4s2-04
[I,J,K]=>[64,64,224]   [Lr,R]=>[4,4]
MaxDelta: 1e-08 LRate: 0.001 RegNorm: 1.0 RegWeight: 0.0 AscWeight: 0.0
Reorder: [0 3 2 1] 1.751e-04 | 1.751e-04 | 1.752e-04 | 9.910e-09 |  341.5 |   30
Trial: 1 sad:  0.5734  0.1353  0.0168  0.0463 aavg: 0.1929  rmse:  0.3824  0.1065  0.0940  0.2153 ravg: 0.1995
Reorder: [3 0 2 1] 2.081e-04 | 2.081e-04 | 2.081e-04 | 9.868e-09 |  375.9 |   21
Trial: 2 sad:  0.5967  0.1289  0.0136  0.2352 aavg: 0.2436  rmse:  0.2856  0.1125  0.0775  0.2043 ravg: 0.1700
Reorder: [0 1 2 3] 1.738e-04 | 1.739e-04 | 1.739e-04 | 9.946e-09 |  358.8 |   25
Trial: 3 sad:  0.4701  0.1300  0.0368  0.0276 aavg: 0.1661  rmse:  0.1448  0.4954  0.2311  0.1324 ravg: 0.2509
Reorder: [1 3 0 2] 1.739e-04 | 1.739e-04 | 1.740e-04 | 9.965e-09 |  355.1 |   29
Trial: 4 sad:  0.6071  0.1291  0.0373  0.0277 aavg: 0.2003  rmse:  0.3028  0.1067  0.0727  0.2375 ravg: 0.1799
Reorder: [1 3 2 0] 1.796e-04 | 1.796e-04 | 1.797e-04 | 9.876e-09 |  353.0 |   26
Trial: 5 sad:  0.4709  0.1310  0.0424  0.0191 aavg: 0.1659  rmse:  0.1287  0.5030  0.2293  0.1612 ravg: 0.2556
usgs/synleg-e4s2-04
[I,J,K]=>[64,64,224]   [Lr,R]=>[8,4]
MaxDelta: 1e-08 LRate: 0.001 RegNorm: 1.0 RegWeight: 0.0 AscWeight: 0.0
Reorder: [3 2 1 0] 7.628e-05 | 7.629e-05 | 7.633e-05 | 9.928e-09 |  350.9 |   23
Trial: 1 sad:  0.5731  0.1371  0.0299  0.2124 aavg: 0.2381  rmse:  0.3077  0.1057  0.0776  0.1908 ravg: 0.1705
Reorder: [2 1 0 3] 7.530e-05 | 7.532e-05 | 7.536e-05 | 9.927e-09 |  344.4 |   23
Trial: 2 sad:  0.5905  0.1447  0.0133  0.2247 aavg: 0.2433  rmse:  0.3200  0.0891  0.0811  0.2043 ravg: 0.1736
Reorder: [3 1 2 0] 8.334e-05 | 8.335e-05 | 8.339e-05 | 9.838e-09 |  354.8 |   22
Trial: 3 sad:  0.6009  0.1607  0.0242  0.0218 aavg: 0.2019  rmse:  0.3451  0.0911  0.0780  0.2363 ravg: 0.1876
Reorder: [2 3 0 1] 7.617e-05 | 7.618e-05 | 7.623e-05 | 9.982e-09 |  364.3 |   23
Trial: 4 sad:  0.5917  0.1320  0.0242  0.0343 aavg: 0.1956  rmse:  0.3308  0.1391  0.0906  0.2303 ravg: 0.1977
Reorder: [0 3 1 2] 7.002e-05 | 7.003e-05 | 7.008e-05 | 9.956e-09 |  372.0 |   24
Trial: 5 sad:  0.5326  0.1286  0.0160  0.0375 aavg: 0.1787  rmse:  0.5385  0.1522  0.2541  0.1484 ravg: 0.2733
usgs/synleg-e4s2-04
[I,J,K]=>[64,64,224]   [Lr,R]=>[16,4]
MaxDelta: 1e-08 LRate: 0.001 RegNorm: 1.0 RegWeight: 0.0 AscWeight: 0.0
Reorder: [3 2 1 0] 3.549e-05 | 3.550e-05 | 3.554e-05 | 9.900e-09 |  378.2 |   17
Trial: 1 sad:  0.5798  0.1819  0.0095  0.0416 aavg: 0.2032  rmse:  0.5049  0.0680  0.4724  0.0666 ravg: 0.2780
Reorder: [2 1 0 3] 3.174e-05 | 3.175e-05 | 3.179e-05 | 9.991e-09 |  360.8 |   19
Trial: 2 sad:  0.5391  0.1462  0.0219  0.0696 aavg: 0.1942  rmse:  0.4175  0.0804  0.3127  0.0786 ravg: 0.2223
Reorder: [0 1 2 3] 3.747e-05 | 3.748e-05 | 3.753e-05 | 9.989e-09 |  377.2 |   18
Trial: 3 sad:  0.4156  0.1271  0.0133  0.0465 aavg: 0.1506  rmse:  0.1494  0.4709  0.1699  0.1545 ravg: 0.2362
Reorder: [1 3 0 2] 3.466e-05 | 3.467e-05 | 3.471e-05 | 9.915e-09 |  374.9 |   19
Trial: 4 sad:  0.5825  0.1607  0.0069  0.0405 aavg: 0.1976  rmse:  0.3893  0.0944  0.0928  0.2210 ravg: 0.1994
Reorder: [0 3 1 2] 3.560e-05 | 3.561e-05 | 3.566e-05 | 9.990e-09 |  372.1 |   17
Trial: 5 sad:  0.5601  0.1661  0.0186  0.0507 aavg: 0.1989  rmse:  0.5708  0.0633  0.4658  0.0813 ravg: 0.2953
usgs/synleg-e4s2-04
[I,J,K]=>[64,64,224]   [Lr,R]=>[24,4]
MaxDelta: 1e-08 LRate: 0.001 RegNorm: 1.0 RegWeight: 0.0 AscWeight: 0.0
Reorder: [2 3 1 0] 2.521e-05 | 2.522e-05 | 2.527e-05 | 9.964e-09 |  371.6 |   17
Trial: 1 sad:  0.4209  0.1738  0.0156  0.0515 aavg: 0.1654  rmse:  0.0729  0.5277  0.4466  0.1253 ravg: 0.2931
Reorder: [2 1 0 3] 1.319e-05 | 1.320e-05 | 1.324e-05 | 9.948e-09 |  376.4 |   20
Trial: 2 sad:  0.3840  0.0990  0.0138  0.0704 aavg: 0.1418  rmse:  0.1101  0.2726  0.0671  0.1068 ravg: 0.1391
Reorder: [2 0 1 3] 2.210e-05 | 2.211e-05 | 2.216e-05 | 9.963e-09 |  381.7 |   17
Trial: 3 sad:  0.4240  0.1092  0.0075  0.0613 aavg: 0.1505  rmse:  0.1296  0.3075  0.0728  0.1112 ravg: 0.1553
Reorder: [1 0 3 2] 1.827e-05 | 1.828e-05 | 1.832e-05 | 9.987e-09 |  367.8 |   18
Trial: 4 sad:  0.3796  0.1953  0.0074  0.0450 aavg: 0.1569  rmse:  0.0437  0.4927  0.4594  0.0524 ravg: 0.2620
Reorder: [0 3 1 2] 2.540e-05 | 2.541e-05 | 2.545e-05 | 9.992e-09 |  353.1 |   18
Trial: 5 sad:  0.5770  0.1889  0.0118  0.0765 aavg: 0.2136  rmse:  0.4766  0.0733  0.4729  0.0407 ravg: 0.2659
usgs/synleg-e4s2-04
[I,J,K]=>[64,64,224]   [Lr,R]=>[32,4]
MaxDelta: 1e-08 LRate: 0.001 RegNorm: 1.0 RegWeight: 0.0 AscWeight: 0.0
Reorder: [3 1 2 0] 2.215e-05 | 2.216e-05 | 2.220e-05 | 9.920e-09 |  361.8 |   16
Trial: 1 sad:  0.4612  0.1253  0.0111  0.0544 aavg: 0.1630  rmse:  0.1556  0.2979  0.0547  0.0963 ravg: 0.1511
Reorder: [0 1 2 3] 2.292e-05 | 2.293e-05 | 2.298e-05 | 9.986e-09 |  369.2 |   15
Trial: 2 sad:  0.5620  0.1275  0.0070  0.0455 aavg: 0.1855  rmse:  0.3848  0.1919  0.4220  0.0962 ravg: 0.2737
Reorder: [0 1 2 3] 2.354e-05 | 2.355e-05 | 2.359e-05 | 9.976e-09 |  366.5 |   16
Trial: 3 sad:  0.4298  0.1261  0.0081  0.0515 aavg: 0.1539  rmse:  0.1530  0.4215  0.1329  0.1404 ravg: 0.2120
Reorder: [3 2 0 1] 1.114e-05 | 1.115e-05 | 1.120e-05 | 9.991e-09 |  366.4 |   19
Trial: 4 sad:  0.3782  0.0975  0.0079  0.0755 aavg: 0.1397  rmse:  0.1179  0.2602  0.0494  0.1010 ravg: 0.1321
Reorder: [2 3 1 0] 2.272e-05 | 2.273e-05 | 2.278e-05 | 9.985e-09 |  354.8 |   17
Trial: 5 sad:  0.4202  0.1237  0.0067  0.0490 aavg: 0.1499  rmse:  0.1535  0.3970  0.1139  0.1338 ravg: 0.1995
usgs/synleg-e4s2-04
[I,J,K]=>[64,64,224]   [Lr,R]=>[48,4]
MaxDelta: 1e-08 LRate: 0.001 RegNorm: 1.0 RegWeight: 0.0 AscWeight: 0.0
Reorder: [2 3 1 0] 1.986e-05 | 1.987e-05 | 1.992e-05 | 9.951e-09 |  371.8 |   14
Trial: 1 sad:  0.4159  0.1620  0.0094  0.0624 aavg: 0.1624  rmse:  0.0463  0.5503  0.4202  0.1396 ravg: 0.2891
Reorder: [3 1 0 2] 2.162e-05 | 2.163e-05 | 2.168e-05 | 9.987e-09 |  366.9 |   14
Trial: 2 sad:  0.5827  0.1778  0.0102  0.0723 aavg: 0.2108  rmse:  0.4623  0.0773  0.4734  0.0379 ravg: 0.2627
Reorder: [0 1 2 3] 2.104e-05 | 2.105e-05 | 2.110e-05 | 9.983e-09 |  361.7 |   15
Trial: 3 sad:  0.5846  0.1666  0.0089  0.0694 aavg: 0.2074  rmse:  0.5044  0.1097  0.4588  0.1171 ravg: 0.2975
Reorder: [0 1 3 2] 2.200e-05 | 2.201e-05 | 2.206e-05 | 9.993e-09 |  366.5 |   14
Trial: 4 sad:  0.4307  0.1253  0.0089  0.0504 aavg: 0.1538  rmse:  0.1530  0.4141  0.1269  0.1391 ravg: 0.2083
Reorder: [2 3 1 0] 2.147e-05 | 2.148e-05 | 2.152e-05 | 9.944e-09 |  348.6 |   15
Trial: 5 sad:  0.4356  0.1240  0.0066  0.0518 aavg: 0.1545  rmse:  0.1539  0.3759  0.0982  0.1288 ravg: 0.1892
usgs/synleg-e4s2-04
[I,J,K]=>[64,64,224]   [Lr,R]=>[56,4]
MaxDelta: 1e-08 LRate: 0.001 RegNorm: 1.0 RegWeight: 0.0 AscWeight: 0.0
Reorder: [2 3 1 0] 1.875e-05 | 1.876e-05 | 1.880e-05 | 9.964e-09 |  371.5 |   14
Trial: 1 sad:  0.4255  0.1189  0.0070  0.1067 aavg: 0.1645  rmse:  0.1486  0.3312  0.0732  0.1153 ravg: 0.1671
Reorder: [0 1 2 3] 1.888e-05 | 1.889e-05 | 1.894e-05 | 9.982e-09 |  363.9 |   14
Trial: 2 sad:  0.4237  0.1320  0.0117  0.0729 aavg: 0.1601  rmse:  0.1562  0.2390  0.0329  0.0839 ravg: 0.1280
Reorder: [0 1 2 3] 1.894e-05 | 1.895e-05 | 1.899e-05 | 9.954e-09 |  368.1 |   14
Trial: 3 sad:  0.4048  0.1254  0.0099  0.0694 aavg: 0.1524  rmse:  0.1530  0.4128  0.1286  0.1367 ravg: 0.2078
Reorder: [0 2 3 1] 1.639e-05 | 1.640e-05 | 1.645e-05 | 9.968e-09 |  361.3 |   15
Trial: 4 sad:  0.4062  0.1186  0.0095  0.0484 aavg: 0.1457  rmse:  0.1510  0.3793  0.1032  0.1306 ravg: 0.1910
Reorder: [3 2 1 0] 1.879e-05 | 1.880e-05 | 1.885e-05 | 9.996e-09 |  356.7 |   15
Trial: 5 sad:  0.4093  0.1242  0.0085  0.0552 aavg: 0.1493  rmse:  0.1534  0.4017  0.1174  0.1354 ravg: 0.2020
usgs/synleg-e4s2-04
[I,J,K]=>[64,64,224]   [Lr,R]=>[64,4]
MaxDelta: 1e-08 LRate: 0.001 RegNorm: 1.0 RegWeight: 0.0 AscWeight: 0.0
Reorder: [1 3 2 0] 1.849e-05 | 1.850e-05 | 1.854e-05 | 9.983e-09 |  349.2 |   14
Trial: 1 sad:  0.4152  0.1229  0.0092  0.0571 aavg: 0.1511  rmse:  0.1532  0.3823  0.1030  0.1306 ravg: 0.1923
Reorder: [1 2 0 3] 2.189e-05 | 2.190e-05 | 2.195e-05 | 9.999e-09 |  363.0 |   13
Trial: 2 sad:  0.4373  0.1273  0.0096  0.0512 aavg: 0.1564  rmse:  0.1549  0.3315  0.0661  0.1176 ravg: 0.1675
Reorder: [1 0 2 3] 1.915e-05 | 1.916e-05 | 1.920e-05 | 9.975e-09 |  356.4 |   14
Trial: 3 sad:  0.4069  0.1257  0.0104  0.0633 aavg: 0.1516  rmse:  0.1530  0.4123  0.1280  0.1367 ravg: 0.2075
Reorder: [0 2 3 1] 1.815e-05 | 1.816e-05 | 1.821e-05 | 9.978e-09 |  323.0 |   16
Trial: 4 sad:  0.4049  0.1634  0.0098  0.0564 aavg: 0.1586  rmse:  0.0942  0.4087  0.1210  0.2007 ravg: 0.2062
Reorder: [1 0 3 2] 2.055e-05 | 2.056e-05 | 2.061e-05 | 9.976e-09 |  342.2 |   15
Trial: 5 sad:  0.4329  0.1232  0.0071  0.1051 aavg: 0.1671  rmse:  0.1528  0.3574  0.0866  0.1225 ravg: 0.1798
